x0      ortho_residual 
-7.88251913   0.57963962 
-6.94369690   -0.18960901 
-9.30825186   -0.03184700 
-8.57949120   0.00364657 
-9.92796871   -0.56406562 
-8.83973180   0.10190477 
-9.25324226   0.29665635 
-8.96593407   -0.58974377 
-7.28331437   0.04553650 
-10.32598653   1.04705852 
-9.56743013   -0.13647275 
-9.77394414   0.15034087 
-9.24823331   0.13588066 
-8.52620206   0.01682878 
-11.13796445   0.00042075 
-7.73421491   -0.00867276 
-7.26695323   0.04124679 
-7.88701993   -0.35775999 
-8.11810639   0.60721818 
-10.39051499   -0.25089477 
-9.75576812   -0.40121491 
-9.81274231   -0.12306720 
-7.74773926   0.30706566 
-8.27533737   0.10436564 
-7.25490011   1.20742718 
-7.67548462   -0.10673012 
-8.22174860   -0.38826960 
-7.88649906   0.13407250 
-7.79070686   -0.29899891 
-7.22454227   0.33006046 
-8.29518941   0.56409215 
-9.69343859   0.11037179 
-8.08499108   0.25654984 
-7.93516187   -0.11803623 
-8.41907753   0.68972912 
-9.01501569   0.17616364 
-9.20171040   -0.25373928 
-7.66857031   0.00617992 
-8.06128345   0.08014684 
-8.18558135   -0.05436025 
-10.75245162   -0.25393226 
-8.50277053   0.31988014 
-9.23141296   0.37560766 
-7.75159486   -0.26232014 
-7.57902778   -0.30493036 
-7.74387403   0.48741444 
-9.26963037   1.37594102 
-9.97693166   -0.23470817 
-10.19611455   0.13682426 
-9.61249264   -0.12104819 
-9.89636271   -0.03012840 
-9.10036311   -0.49716152 
-7.14775744   0.36788377 
-10.00692057   0.10545298 
-7.75993925   1.12056906 
-9.69846280   0.94513517 
-7.26901933   -0.01942749 
-7.01295599   0.26457300 
-7.89396187   -0.00654156 
-7.43699326   0.57080731 
-7.60090399   -0.36445526 
-9.00979997   0.06935689 
-8.45438436   0.29723714 
-7.97974616   0.29204475 
-6.91111725   -0.00675088 
-8.04918448   0.22823261 
-9.03392205   -0.01675937 
-7.03559788   0.25209927 
-7.39631280   0.96362469 
-8.74210385   0.16868708 
-7.46128470   -0.03304427 
-8.61113982   -0.31030280 
-7.89319605   -0.07464479 
-8.86781924   1.58815830 
-8.57349597   0.28595028 
-8.16269806   0.05217418 
-7.94890063   -0.06060356 
-7.70719328   -0.17419990 
-7.43883505   -0.13503660 
-8.16883356   -0.41484702 
-7.92683281   -0.28340444 
-8.74706152   -0.47631875 
-8.49801626   -0.12338861 
-7.70383231   -0.21516080 
-10.10534248   0.08486733 
-8.81605246   0.02608248 
-8.37763790   -0.16715677 
-8.06195086   0.24028650 
-7.75717421   -0.08646129 
-7.00369255   1.03241085 
-9.15762236   0.17600642 
-9.48097471   -0.00234632 
-7.20406274   -0.21062838 
-7.59130681   -0.05177481 
-8.51193922   0.08449946 
-6.66914012   0.17681132 
-6.94957368   0.37067169 
-7.87708829   0.07591261 
-7.71336395   -0.24852670 
-8.30801699   0.22340271 
-8.23898455   -0.22008566 
-8.95155440   0.08242541 
-7.27742205   -0.03949585 
-9.07382245   0.13961075 
-10.18087970   -0.01200730 
-7.67152262   -0.49551222 
-7.83668031   -0.46765463 
-8.75633120   -0.02221886 
-8.74871610   0.19081529 
-7.40270536   -0.06690698 
-8.30708483   -0.19031577 
-7.74458856   0.17164043 
-6.88104289   0.69675387 
-8.61567860   -0.27862850 
-8.64432224   0.23791275 
-8.50152939   0.25325656 
-7.98155080   -0.07053922 
-8.51321913   -0.15415908 
-10.63475416   0.33025415 
-10.46735007   -0.16207356 
-8.10778219   0.19156087 
-7.22802196   -0.14579675 
-8.45887159   0.51203976 
-7.79655062   -0.03593396 
-9.43353564   -0.58853542 
-6.71411048   0.31716505 
-8.64242143   0.43540790 
-8.18797562   -0.36809516 
-9.86842238   -0.00932090 
-8.65106813   0.00527213 
-9.74739929   -0.10579718 
-8.22628519   -0.14008699 
-7.83239342   -0.09899242 
-7.29376150   0.23276710 
-8.77837861   0.13265739 
-7.68357982   0.58807703 
-8.76909791   -0.39428758 
-9.32362171   -0.12984909 
-6.80092383   0.14427244 
-7.19661087   0.25648683 
-8.39587215   1.11344659 
-8.72872071   -0.51396256 
-6.47538331   0.51538897 
-7.40447355   -0.20638884 
-8.60964476   0.42940249 
-7.93956042   0.85655483 
-8.73905087   -0.40613524 
-9.24846766   -0.00446905 
-7.94015187   -0.02872512 
-7.59308739   -0.13906122 
-9.21395935   0.17203481 
-7.94644199   -0.24612009 
-9.04469303   -0.32840769 
-6.81772517   1.24849131 
-9.08732937   -0.02190846 
-7.77056013   0.03289098 
-8.58012155   -0.18854836 
-8.58239541   0.08543596 
-7.67148985   0.13082430 
-8.10830737   -0.63971951 
-7.58195405   -0.13635883 
-7.91436426   0.09643055 
-6.29198717   1.36229190 
-10.22164514   0.14072077 
-10.43255433   0.26307447 
-8.02948783   -0.02979550 
-7.06815424   0.13686729 
-7.62499514   0.26186417 
-8.91466344   0.66077055 
-9.78684354   1.06406868 
-8.52990772   0.17420634 
-7.45521620   0.30884661 
-8.65610176   0.65633953 
-8.92188830   0.49214070 
-8.39167826   -0.76108603 
-8.42389640   0.03896467 
-6.98907151   -0.19590090 
-7.18856529   -0.12758541 
-8.57475125   -0.47530651 
-8.48621713   0.06881218 
-6.88996461   1.05260128 
-9.86232494   -0.11498373 
-6.53932689   0.34193517 
-10.12593994   -0.48097140 
-8.32680092   0.29747820 
-8.06676879   0.12698889 
-7.81124003   0.15612037 
-9.74091677   0.06890571 
-10.60976198   0.13123948 
-10.52102546   0.00309838 
-7.38531238   0.09358741 
-7.96359254   -0.05659878 
-7.46179563   0.32729904 
-8.96702335   -0.06436638 
-8.18046859   -0.04322349 
-6.87595195   -0.01667128 
-8.85667303   0.18583288 
-7.70756566   0.18426837 
-7.92301847   0.21060854 
-6.57075755   0.63785999 
-10.07732725   -0.04556025 
-7.14192227   -0.00901118 
-9.43243494   0.56501099 
-7.82086643   -0.27831966 
-8.11615175   -0.11180282 
-8.87515712   -0.47556350 
-7.73573410   -0.16442701 
-8.29899776   0.19162788 
-6.87965925   0.46572791 
-7.35132536   -0.13815534 
-7.68528893   -0.30098439 
-8.91649048   -0.11748983 
-9.68182732   -0.04986179 
-9.32626458   -0.57434802 
-8.95382417   -0.13811380 
-8.72109210   -0.05224955 
-8.21730768   0.06008587 
-9.05639185   0.16542605 
-8.08660097   0.42902232 
-7.91228471   0.45316012 
-9.58508713   0.15667766 
-7.45052467   0.03043873 
-9.56226213   -0.46648454 
-7.04822606   0.07379409 
-9.47857246   0.24545423 
-9.36327358   -0.26457819 
-10.56931983   -0.42247353 
-7.27263544   0.47276376 
-6.68070025   0.48582784 
-9.37545630   -0.37931150 
-7.40895614   -0.08355822 
-8.46422506   0.07536058 
-7.12812410   -0.11903704 
-7.69585598   -0.26178056 
-8.29033060   0.35377959 
-7.60689010   -0.05296582 
-10.90056242   0.04274408 
-8.80338249   -0.04949272 
-10.06576974   -0.36673288 
-8.42948772   0.10852932 
-9.22347982   -0.14536875 
-7.61242042   -0.38411802 
-7.48488371   0.30956645 
-9.38874515   -0.22077602 
-11.01099953   0.14975427 
-8.06265632   0.04389862 
-9.86413888   0.68667041 
-7.71596101   -0.16996410 
-7.91715544   -0.87065839 
-7.31953040   0.10002438 
-9.05005407   -1.32724634 
-7.77707616   0.50100096 
-9.41450978   -0.05093761 
-8.31420817   -0.36934786 
-8.93355283   -0.25828454 
-8.37844077   0.05970762 
-7.06715560   -0.04188785 
-8.30983486   0.18024629 
-7.22634462   0.31221717 
-7.57417986   0.22492073 
-7.10186189   -0.13314429 
-7.07303820   0.60221440 
-11.10152132   -0.01185918 
-9.06616767   -0.28184902 
-9.16143130   0.09066326 
-9.08849932   0.66254480 
-9.80454719   0.23364763 
-8.97461053   -0.14036650 
-7.48578336   0.19454104 
-7.94183275   0.28024251 
-9.68547520   -0.18110746 
-7.45877096   -0.00176455 
-8.01400596   -0.02159456 
-8.51703676   -0.51005926 
-7.96493389   0.03150985 
-9.50857187   -0.17981026 
-9.39670180   -0.32720822 
-7.18563927   0.08772817 
-9.01988239   0.15710740 
-7.90471311   0.08361963 
-9.20665004   -0.42289913 
-7.85015459   0.19146927 
-7.11898206   -0.14582933 
-7.36100266   -0.11495496 
-8.89666246   -0.28790435 
-8.17965680   -1.07454960 
-8.26996697   0.61109429 
-7.89681835   0.70557159 
-8.66252929   1.16079060 
-7.52685012   -0.31446395 
-9.24464449   -0.07085153 
-9.35928060   0.36021399 
-10.35018568   0.03855243 
-8.91805091   -0.00397777 
-7.55175807   0.28245152 
-7.97325536   0.03861835 
-7.55048443   0.03433571 
-9.20953125   0.44663170 
-7.64545332   -0.21193545 
-10.28527854   -0.26106631 
-8.85195652   -0.18277192 
-8.90014618   0.10353641 
-8.61322597   0.45725001 
-8.36987866   -0.28130791 
-8.40270762   -0.93580152 
-8.52247843   -0.03915637 
-8.16658917   0.02018484 
-8.81537109   0.28492164 
-8.09948800   -0.10502562 
-8.73953892   0.01085808 
-7.70024616   0.21395973 
-8.39144773   -0.32554786 
-9.19088113   0.72584335 
-7.27581790   0.50466233 
-8.08932082   -0.38629435 
-7.05315516   0.10762118 
-10.00479291   -0.23454165 
-8.36450916   0.57243672 
-7.11077089   0.58153994 
-8.39063694   0.21581134 
-8.42980586   0.01838689 
-9.34684218   0.04823190 
-7.79218802   -0.70526683 
-8.34730222   0.73873536 
-8.02541416   0.09148556 
-10.21227160   0.21428402 
-11.19800012   -0.77679848 
-8.98171614   -0.25679051 
-6.79458789   0.27154103 
-11.25125617   -0.27762020 
-7.57925517   -0.12153932 
-9.41865437   -0.08474578 
-8.15358101   0.16836741 
-7.73128447   -0.36954700 
-7.23877560   0.23550450 
-10.48350070   0.39720587 
-7.01334409   -0.00091475 
-7.60877874   -0.12423923 
-10.06752930   -0.02727266 
-8.24491219   -0.00295687 
-7.59286256   -0.13918701 
-7.44259360   0.03000815 
-7.47095070   0.03242167 
-8.23251878   0.27400336 
-6.94649416   0.22324483 
-9.35931459   -0.30360515 
-9.23835999   0.06487771 
-7.20259458   0.28097684 
-10.95035847   -0.39018947 
-7.96054984   -0.13549243 
-8.16095197   0.23026287 
-8.91203012   0.07035225 
-7.61774672   0.60637795 
-8.26707054   -0.21389453 
-8.88184202   0.04682205 
-9.96341286   -0.06203623 
-9.70393768   -0.02400191 
-8.55311401   0.11319335 
-8.54040399   -0.31021852 
-9.57157485   0.59249488 
-10.30903268   -0.11199408 
-7.97313679   -0.46690924 
-10.13901376   -0.20176815 
-7.20597825   0.27775954 
-6.89361916   -0.04923716 
-7.28963935   0.00265540 
-7.40336749   0.09223353 
-7.67128164   0.28578598 
-7.44184890   0.05014186 
-8.93978710   -0.72801020 
-8.96700694   0.48753917 
-8.37784909   0.31928551 
-8.26135688   -0.32375017 
-8.64759323   0.11332367 
-7.19779195   -0.00703421 
-8.17282043   0.38629757 
-8.42512187   -0.03874286 
-10.15288456   0.50362667 
-9.17595162   0.00556252 
-8.09551959   0.63528577 
-8.52091408   -0.01439637 
-8.24673524   0.56272949 
-7.73402974   0.16670702 
-7.09935619   0.45237727 
-7.64436755   0.14773395 
-7.78926758   0.24096124 
-7.95628034   0.05025296 
-7.80904145   0.39317579 
-9.66638761   0.08222605 
-8.37560279   -0.35608608 
-8.70713373   0.36018610 
-8.22102383   0.12082232 
-7.87018596   -0.13681774 
-9.49170995   -0.03074690 
-8.71458087   0.29554703 
-10.53419290   -1.07893200 
-9.41495849   0.07234382 
-9.07144454   0.60943805 
-10.09507676   0.02890250 
-7.47804085   0.28070786 
-7.36107862   -0.13441943 
-6.58275732   0.37115308 
-9.31994889   -0.39532388 
-7.08166180   0.24117831 
-8.09709181   0.12336437 
-9.75713032   0.49036529 
-8.36095943   -0.49017674 
-9.29009756   -0.37879633 
-7.30651339   -0.54229801 
-7.15888444   0.45031199 
-7.35951510   0.08092696 
-9.12714435   0.20310584 
-9.94119892   0.38268392 
-8.29153731   -0.30206317 
-9.90515110   0.15638480 
-7.03738508   0.10443264 
-7.16176689   -0.34852692 
-10.54192853   0.26463624 
-7.70507768   0.05347788 
-7.60380278   -0.16854035 
-9.86274384   -0.23550576 
-7.99677163   -0.25531147 
-8.17731013   -0.21025885 
-8.82270964   -0.80558490 
-8.93918691   -0.07351470 
-8.77721396   -0.09515210 
-10.18136166   0.42106657 
-8.09606114   -0.12360807 
-8.11167016   -0.19077008 
-7.51539891   0.02493923 
-8.13068286   0.13136498 
-7.90343371   0.07061389 
-7.96344497   0.88383876 
-8.49660193   -0.23891419 
-9.88796327   -0.25383125 
-9.32230858   0.09568604 
-9.96945062   -0.11205750 
-7.61828730   -0.09484892 
-8.81532678   -0.08120478 
-8.00791485   -0.21588749 
-9.76325643   0.11810605 
-8.08049303   0.00974688 
-8.72846301   -0.23991419 
-7.80255547   0.14295723 
-7.53138721   0.24992529 
-7.84924298   0.25083827 
-7.89978898   0.03291091 
-7.37383306   -0.26375582 
-9.47906137   -0.07666540 
-8.80231335   0.55577280 
-7.41743497   0.15881126 
-6.99286466   0.30280675 
-7.77455353   0.09185256 
-8.42256894   0.00045350 
-10.79687004   0.10381245 
-7.92516295   -0.61959634 
-9.79204369   0.02057101 
-6.80932337   0.51844494 
-8.72013529   0.03786605 
-7.50923347   0.28200639 
-7.56590137   0.09149483 
-8.87801835   0.57879084 
-7.82714923   -0.69969886 
-8.80108265   -0.38221557 
-8.26284125   0.30359232 
-9.42565220   -0.02019240 
-8.73064785   -0.38435425 
-8.74428294   -0.12810164 
-9.98895898   0.10379795 
-8.34621516   0.12642670 
-7.93909017   0.55020909 
-8.28103725   -0.30357618 
-10.15379398   -0.02889959 
-8.98084115   -0.00991372 
-11.40459862   -1.05491910 
-7.63168861   0.53761183 
-7.76239628   -0.00146643 
-9.64013203   -0.07002350 
-11.51361315   -0.44710592 
-7.76453280   0.01790359 
-10.64878776   0.06373387 
-10.58555822   -0.05070940 
-7.52373687   0.17347584 
-8.24935890   -0.17389775 
-7.81712777   -0.30900494 
-7.24910291   -0.46629342 
-7.30220398   -0.13347805 
-10.96899344   -0.55922497 
-10.74248211   -0.07212175 
-10.06130737   0.18923570 
-8.40390878   0.25668520 
-7.27093333   0.35441122 
-7.23401291   -0.35666574 
-10.38102321   -0.29446213 
-8.30826839   0.47145115 
-7.90724121   0.30464525 
-11.28421259   0.04675999 
-8.73553767   -0.04308936 
-8.84323631   0.08598001 
-8.98447921   0.08525492 
-7.46589546   -0.04713926 
-7.50977446   0.05184823 
-8.99730524   -0.03241329 
-8.08341555   -0.02504159 
-7.75093997   -0.12808471 
-8.00144391   -0.20940114 
-8.17255379   0.03041383 
-7.46242407   -0.04809000 
-9.45309280   -0.14352407 
-9.59492223   0.04163534 
-9.64993860   -0.25498004 
-11.60049945   -1.43466560 
-7.25944070   0.30445768 
-10.41850809   -0.61508872 
-8.10744357   -0.34010798 
-9.40129177   -0.12853796 
-8.01707856   -0.49370909 
-7.72932867   0.10346157 
-10.21567173   -1.14121816 
-7.31694163   -0.16971974 
-9.95207664   0.25453899 
-6.60788355   0.81192455 
-8.68785330   -0.13478129 
-9.01599368   0.52796844 
-7.03247944   0.09937088 
-8.84078353   0.24526047 
-6.23299261   0.73415141 
-8.51550493   0.15903981 
-6.91929461   0.06551196 
-10.02080619   -0.29704286 
-6.67337033   1.00416997 
-11.04498248   0.82174920 
-7.41960631   1.00193564 
-8.05677710   -0.00752369 
-8.98025871   -0.17719045 
-7.30031208   0.09716687 
-10.44873239   -0.17806577 
-8.03658296   0.05719176 
-9.06711491   -1.19581966 
-10.00778036   0.65287628 
-7.36301415   0.99437856 
-7.35810884   0.04811877 
-7.68508041   0.31637174 
-8.85778358   -0.54847347 
-7.20485547   -0.40610154 
-9.23422223   -0.18145773 
-6.94091803   0.08249160 
-10.23176086   0.20511009 
-7.53298778   0.52021291 
-8.18849172   -1.00550625 
-7.50264196   0.17746605 
-6.60239660   0.18733705 
-7.10541386   0.12938457 
-10.61531222   -0.02772975 
-7.63661199   -0.87066016 
-6.97354266   0.17794314 
-8.97988968   -0.37531785 
-10.25537307   0.12788182 
-8.54524524   0.20867764 
-8.00274407   0.04825029 
-9.62840736   0.33918936 
-7.21556387   0.52370192 
-7.72431182   0.61490720 
-9.11019715   1.20200700 
-7.79116119   -0.13982093 
-9.15869880   0.09126509 
-9.14899126   -1.17735610 
-7.72319345   0.03813840 
-8.38326375   0.02128798 
-7.52384472   0.00693617 
-7.04238225   0.03905338 
-9.80279569   0.49377933 
-8.32277170   0.58196187 
-8.08734750   -0.28096433 
-7.68974720   0.04683974 
-8.49074400   -0.12904542 
-8.80906041   -0.29550581 
-9.75824035   1.39955290 
-6.99561272   0.31386903 
-8.22909299   -0.19604689 
-10.20605449   -0.09267786 
-8.47853506   -0.19031805 
-8.59843185   0.10940278 
-10.01494104   -0.02486732 
-8.54956189   0.00702004 
-10.27679639   -0.00705664 
-8.63836787   0.06650874 
-9.89613509   0.18996529 
-7.24929749   -0.08177694 
-7.99525898   0.02673955 
-8.36283335   0.18718004 
-8.58997427   0.52312954 
-9.34804016   -0.03490360 
-7.67299843   -0.34054576 
-8.17333004   0.03505215 
-9.21778527   0.25017509 
-7.87070802   -0.14151747 
-7.65199022   0.25542330 
-9.80945532   -0.77943965 
-7.83969039   -0.22049916 
-8.42245394   -0.18430650 
-9.54755218   -0.03524917 
-7.39150105   -0.46150053 
-7.92037856   -0.29003045 
-7.59170691   -0.21524438 
-7.18296872   0.30623847 
-8.91420367   -0.14879835 
-8.73936375   -0.31219611 
-8.78856907   0.17622680 
-8.47710548   -0.24959356 
-10.53285095   0.24160697 
-7.84633033   0.20411267 
-7.94183666   0.47667633 
-9.68379935   0.42711963 
-9.43152154   -0.03177194 
-8.30293834   0.32742266 
-9.91088425   0.07608793 
-9.61111883   0.29524661 
-8.00116115   0.78813189 
-7.77338355   -0.16141668 
-7.51032264   -0.21302453 
-8.12002142   -0.45200415 
-7.43999137   -0.00463026 
-7.39289192   0.36926122 
-11.17829489   -0.22039432 
-7.99037273   -0.49313576 
-8.79851910   -0.15884807 
-10.04789802   -0.10402293 
-8.26132301   -0.10854392 
-8.81521570   0.35624617 
-9.60255837   0.14759350 
-9.03173484   0.31150282 
-7.15286166   0.28310610 
-9.51055436   -0.07211803 
-8.47025910   -0.05719877 
-8.32224054   -0.13487349 
-8.76536179   0.10702446 
-9.55850704   0.03674365 
-10.66962538   -0.15672912 
-7.87996273   1.59159312 
-8.38515036   0.37081029 
-9.29807487   0.11957403 
-9.77171546   -0.04071989 
-9.16701637   -0.27499991 
-7.62928753   0.09840110 
-7.86319663   0.01487819 
-9.39779060   0.23500749 
-8.27873964   -0.04962573 
-9.03792533   -0.46046020 
-9.48926743   -0.20910837 
-9.25846535   -0.20647405 
-8.51856044   0.07662798 
-9.34591895   -0.58020598 
-9.02325546   0.09356541 
-6.63918514   0.59990701 
-9.57858377   0.09285612 
-10.54903167   0.27979120 
-9.42487159   -0.18072556 
-8.09633674   0.19391580 
